4829
4885
4896
4909
4922
4950
4956
4973
4974
5025
5050
5076
5077
5078
5088
5101
5128
5272
5306
5319
5323
5327
5353
5414
5417
5421
5440
5454
5474
5477
5478
5480
5483
5537
5544
5554
5599
5601
5627
5643
13001
13290
13291
13368
13370
13563
27304
27334
27342
27349
27357
28567
28573
28985
28986
29830
29833
29856
29902
29917
29917
33203
34388
34458
35722
36022
36044
36050
36927
37662
38038
38483
39291
39416
39966
40145
40199
40220
40296
40382
42673
43049
43982
44092
45276
45354
45502
45558
45788
45790
47721
47741
48490
48697
49012
49334
50376
51284
51541
51582
51927
52253
52586
54094
54196
54687
54899
55169
55181
55194
55588
56406
56408
56409
57679
58291
58627
58918
60171
60172
63396
64609
64638
64647
64657
64660
67622
67723
69766
69788
71782
72027
72032
72228
72359
72568
73001
74722
75736
76774
76775
76776
77020
77044
77044
78410
79588
79593
79859
80383
80661
82509
82510
82513
82514
82516
82517
82520
82521
82524
84753
86257
86804
87280
87325
88771
89141
89421
89487
89491
89928
91492
91626
91920
91928
96373
97093
98403
98765
100367
100787
100816
100951
101091
101121
101201
104259
104411
104414
104416
104675
105487
105713
105714
105984
106004
106015
108572
108892
109264
112131
113226
113399
114771
114840
117179
120017
120645
121624
128442
129314
133383
133412
135514
136370
138278
138282
139080
139420
143450
146866
148305
149040
150374
153982
154538
155126
157611
158046
158607
166112
166479
169388
169388
169489
170559
179993
180088
180528
180788
181123
182055
182096
183478
185366
186125
192010
196064
196109
196114
196907
198730
211096
212818
214684
215243
218668
222929
223818
226125
226126
226127
226231
226302
227321
229533
229535
230004
232081
235270
235271
236234
237561
237631
239206
240176
242507
245562
246409
246410
249491
249492
252598
253101
253104
253288
253628
254056
262981
264083
264361
264483
268505
273371
278948
280322
282267
282269
284135
284591
284592
284811
284813
286112
286115
286661
289078
290576
292559
293939
294746
294747
305400
306582
306901
306902
307758
307937
308745
309746
315946
321146
321614
322104
330879
331117
331382
332648
332952
333113
333523
334123
334819
336722
336963
339724
341663
342668
344612
348802
354353
357446
357447
360147
360150
367110
374178
379508
383855
392538
392613
398673
401625
402676
409207
413071
418459
420778
425011
425265
426418
426428
431197
431241
436010
436907
441959
441960
452589
454130
460523
475428
481877
483437
483514
485397
486041
489715
498019
498257
500485
500994
502779
502780
510516
510951
515849
526221
535722
545651
546991
554373
559292
559295
559297
559298
559304
559305
559882
561896
563466
566037
569365
572092
573508
573508
573729
573826
574774
576137
578455
578456
578457
578458
578459
578460
578461
578462
588596
590646
599839
602072
619300
622360
626713
630390
633669
637633
644223
644352
644358
645133
645134
647257
647933
650164
653667
655819
655827
655844
655863
657448
658429
658473
660122
663202
663331
664439
665024
665079
665115
665912
669874
670483
671144
671987
675120
675824
683840
683960
684364
685557
685588
686832
690307
692275
696254
696354
698492
703756
706473
707572
708187
708197
717646
717944
717982
721885
732165
741275
741705
742152
743788
745531
746836
747525
747657
747676
747725
749593
756982
759272
759273
763406
763407
764103
764597
765257
765440
765867
765868
766949
767483
767744
767769
767770
771870
794803
796027
796925
797268
854826
856822
857340
857566
858221
861556
861557
869754
870435
871575
876142
877506
877507
879819
881290
882909
887910
903638
904709
907965
909944
913774
914234
914237
914238
927772
929235
930089
930090
930091
930990
930991
930992
931890
933084
933388
933852
936046
944288
944289
945553
946122
948313
948595
983644
983966
983966
983967
984485
984486
984487
985143
985145
985148
985895
988480
990650
993615
994086
994087
999809
1003232
1003335
1016849
1016881
1028407
1028729
1031333
1033177
1035309
1035635
1036611
1036612
1036760
1036761
1036762
1036808
1037526
1037527
1037528
1037531
1037660
1041607
1043002
1043003
1043004
1043005
1043627
1043628
1047168
1051891
1052685
1064592
1069443
1069680
1071378
1071380
1071381
1071382
1071383
1072389
1073089
1073090
1073566
1077286
1080349
1081102
1081103
1081104
1081105
1081107
1081108
1086054
1086729
1091232
1095629
1095631
1105092
1109443
1111077
1111081
1116229
1116880
1117330
1117665
1122867
1126212
1128401
1128425
1130832
1136490
1136865
1136866
1137138
1137211
1138374
1149723
1151026
1156157
1156966
1157616
1158138
1159556
1160497
1160507
1163406
1163645
1165861
1168221
1169046
1170230
1173061
1173701
1174670
1178016
1182541
1182542
1182543
1182544
1182545
1186058
1196081
1198029
1200839
1200864
1202554
1209918
1209926
1209931
1213189
1213352
1213857
1213859
1214573
1215331
1215338
1215355
1220924
1224258
1226778
1227346
1227655
1229662
1230383
1230402
1234609
1234776
1240657
1245528
1245769
1246674
1247866
1247875
1258663
1262450
1263082
1263415
1263492
1266714
1266715
1266744
1266766
1266767
1268270
1274784
1274787
1274790
1274791
1274792
1274793
1274794
1276135
1276136
1276141
1276143
1277687
1279043
1279085
1279086
1279113
1279114
1279115
1279116
1279117
1279482
1279998
1283841
1284197
1286976
1287680
1287681
1288291
1290454
1292256
1295359
1295528
1295532
1295533
1296096
1296100
1296120
1296121
1296122
1298852
1299270
1300066
1300067
1301101
1301515
1301520
1301521
1302712
1303645
1305733
1305764
1306850
1314670
1314672
1314674
1314771
1314776
1314777
1314781
1314782
1314783
1314785
1314800
1316194
1323836
1328760
1330018
1330021
1331946
1333698
1343157
1344416
1344418
1344566
1353255
1353952
1353983
1354741
1354746
1355412
1356009
1357676
1357677
1357679
1357681
1357682
1357683
1357685
1357687
1357689
1357690
1357693
1365484
1365824
1367079
1367422
1367536
1367541
1379160
1380566
1381753
1381934
1381935
1382522
1388766
1391699
1391700
1397361
1398154
1400345
1400760
1400770
1403190
1405085
1406312
1408157
1408163
1408657
1408658
1417757
1417759
1420901
1420902
1420906
1420907
1420908
1420909
1420910
1420911
1420912
1420913
1420914
1420915
1424426
1425883
1427455
1429780
1429867
1432307
1436940
1436941
1437433
1437871
1439348
1439349
1439350
1439351
1439352
1441469
1442076
1442368
1442369
1442370
1442371
1445577
1450757
1450758
1450759
1450760
1451142
1457509
1457511
1457513
1460502
1460663
1472165
1481906
1485682
1489628
1489893
1501327
1509407
1524831
1531966
1537989
1538182
1573173
1580211
1580212
1580213
1580837
1580842
1580848
1580850
1580861
1580864
1580867
1590595
1603295
1608523
1609947
1617101
1622147
1622148
1622149
1622150
1633207
1633209
1635095
1635097
1635098
1635099
1635100
1635101
1635102
1639000
1658172
1658174
1662659
1664694
1712568
1714833
1735277
1735278
1735279
1735280
1752145
1758316
1758317
1758318
1758543
1758544
1759314
1774706
1774708
1802957
1803897
1804209
1805481
1805483
1811501
1813822
1835702
1852163
1858805
1866961
1873369
1928478
1928479
